dnaA.1	dnaA.10	dnaA.100	dnaA.101	dnaA.102	dnaA.103	dnaA.104	dnaA.105	dnaA.106	dnaA.107	dnaA.108	dnaA.109	dnaA.11	dnaA.110	dnaA.111	dnaA.112	dnaA.113	dnaA.114	dnaA.115	dnaA.116	dnaA.117	dnaA.118	dnaA.119	dnaA.12	dnaA.120	dnaA.121	dnaA.122	dnaA.123	dnaA.124	dnaA.125	dnaA.126	dnaA.127	dnaA.128	dnaA.129	dnaA.13	dnaA.130	dnaA.131	dnaA.132	dnaA.133	dnaA.134	dnaA.135	dnaA.136	dnaA.137	dnaA.138	dnaA.139	dnaA.14	dnaA.140	dnaA.141	dnaA.142	dnaA.143	dnaA.144	dnaA.145	dnaA.146	dnaA.147	dnaA.148	dnaA.149	dnaA.15	dnaA.150	dnaA.151	dnaA.152	dnaA.153	dnaA.154	dnaA.155	dnaA.156	dnaA.157	dnaA.158	dnaA.159	dnaA.16	dnaA.160	dnaA.161	dnaA.162	dnaA.163	dnaA.164	dnaA.165	dnaA.166	dnaA.167	dnaA.168	dnaA.169	dnaA.17	dnaA.170	dnaA.171	dnaA.172	dnaA.173	dnaA.174	dnaA.175	dnaA.176	dnaA.177	dnaA.178	dnaA.179	dnaA.18	dnaA.180	dnaA.181	dnaA.182	dnaA.183	dnaA.184	dnaA.185	dnaA.186	dnaA.187	dnaA.188	dnaA.189	dnaA.19	dnaA.190	dnaA.191	dnaA.192	dnaA.193	dnaA.194	dnaA.195	dnaA.196	dnaA.197	dnaA.198	dnaA.199	dnaA.2	dnaA.20	dnaA.200	dnaA.201	dnaA.202	dnaA.203	dnaA.204	dnaA.205	dnaA.206	dnaA.207	dnaA.208	dnaA.209	dnaA.21	dnaA.210	dnaA.211	dnaA.212	dnaA.213	dnaA.214	dnaA.215	dnaA.216	dnaA.217	dnaA.218	dnaA.219	dnaA.22	dnaA.220	dnaA.221	dnaA.222	dnaA.223	dnaA.224	dnaA.225	dnaA.226	dnaA.227	dnaA.228	dnaA.229	dnaA.23	dnaA.230	dnaA.231	dnaA.232	dnaA.233	dnaA.234	dnaA.235	dnaA.236	dnaA.237	dnaA.238	dnaA.239	dnaA.24	dnaA.240	dnaA.241	dnaA.242	dnaA.243	dnaA.244	dnaA.245	dnaA.246	dnaA.247	dnaA.248	dnaA.249	dnaA.25	dnaA.250	dnaA.251	dnaA.252	dnaA.253	dnaA.254	dnaA.255	dnaA.256	dnaA.257	dnaA.258	dnaA.259	dnaA.26	dnaA.260	dnaA.261	dnaA.262	dnaA.263	dnaA.264	dnaA.265	dnaA.266	dnaA.267	dnaA.268	dnaA.269	dnaA.27	dnaA.270	dnaA.271	dnaA.272	dnaA.273	dnaA.274	dnaA.275	dnaA.276	dnaA.277	dnaA.278	dnaA.279	dnaA.28	dnaA.280	dnaA.281	dnaA.282	dnaA.283	dnaA.284	dnaA.285	dnaA.286	dnaA.29	dnaA.3	dnaA.30	dnaA.31	dnaA.32	dnaA.33	dnaA.34	dnaA.35	dnaA.36	dnaA.37	dnaA.38	dnaA.39	dnaA.4	dnaA.40	dnaA.41	dnaA.42	dnaA.43	dnaA.44	dnaA.45	dnaA.46	dnaA.47	dnaA.48	dnaA.49	dnaA.5	dnaA.50	dnaA.51	dnaA.52	dnaA.53	dnaA.54	dnaA.55	dnaA.56	dnaA.57	dnaA.58	dnaA.59	dnaA.6	dnaA.60	dnaA.61	dnaA.62	dnaA.63	dnaA.64	dnaA.65	dnaA.66	dnaA.67	dnaA.68	dnaA.69	dnaA.7	dnaA.70	dnaA.71	dnaA.72	dnaA.73	dnaA.74	dnaA.75	dnaA.76	dnaA.77	dnaA.78	dnaA.79	dnaA.8	dnaA.80	dnaA.81	dnaA.82	dnaA.83	dnaA.84	dnaA.85	dnaA.86	dnaA.87	dnaA.88	dnaA.89	dnaA.9	dnaA.90	dnaA.91	dnaA.92	dnaA.93	dnaA.94	dnaA.95	dnaA.96	dnaA.97	dnaA.98	dnaA.99
fusA.1	fusA.10	fusA.100	fusA.101	fusA.102	fusA.103	fusA.104	fusA.105	fusA.106	fusA.107	fusA.108	fusA.109	fusA.11	fusA.110	fusA.111	fusA.112	fusA.113	fusA.114	fusA.115	fusA.116	fusA.117	fusA.118	fusA.119	fusA.12	fusA.120	fusA.121	fusA.122	fusA.123	fusA.124	fusA.125	fusA.126	fusA.127	fusA.128	fusA.129	fusA.13	fusA.130	fusA.131	fusA.132	fusA.133	fusA.134	fusA.135	fusA.136	fusA.137	fusA.138	fusA.139	fusA.14	fusA.140	fusA.141	fusA.142	fusA.143	fusA.144	fusA.145	fusA.146	fusA.147	fusA.148	fusA.149	fusA.15	fusA.150	fusA.151	fusA.152	fusA.153	fusA.154	fusA.155	fusA.156	fusA.157	fusA.158	fusA.159	fusA.16	fusA.160	fusA.161	fusA.162	fusA.163	fusA.164	fusA.165	fusA.166	fusA.167	fusA.168	fusA.169	fusA.17	fusA.170	fusA.171	fusA.172	fusA.173	fusA.174	fusA.175	fusA.176	fusA.177	fusA.178	fusA.179	fusA.18	fusA.180	fusA.181	fusA.182	fusA.183	fusA.184	fusA.185	fusA.186	fusA.19	fusA.2	fusA.20	fusA.21	fusA.22	fusA.23	fusA.24	fusA.25	fusA.26	fusA.27	fusA.28	fusA.29	fusA.3	fusA.30	fusA.31	fusA.32	fusA.33	fusA.34	fusA.35	fusA.36	fusA.37	fusA.38	fusA.39	fusA.4	fusA.40	fusA.41	fusA.42	fusA.43	fusA.44	fusA.45	fusA.46	fusA.47	fusA.48	fusA.49	fusA.5	fusA.50	fusA.51	fusA.52	fusA.53	fusA.54	fusA.55	fusA.56	fusA.57	fusA.58	fusA.59	fusA.6	fusA.60	fusA.61	fusA.62	fusA.63	fusA.64	fusA.65	fusA.66	fusA.67	fusA.68	fusA.69	fusA.7	fusA.70	fusA.71	fusA.72	fusA.73	fusA.74	fusA.75	fusA.76	fusA.77	fusA.78	fusA.79	fusA.8	fusA.80	fusA.81	fusA.82	fusA.83	fusA.84	fusA.85	fusA.86	fusA.87	fusA.88	fusA.89	fusA.9	fusA.90	fusA.91	fusA.92	fusA.93	fusA.94	fusA.95	fusA.96	fusA.97	fusA.98	fusA.99
gyrB.1	gyrB.10	gyrB.100	gyrB.101	gyrB.102	gyrB.103	gyrB.104	gyrB.105	gyrB.106	gyrB.107	gyrB.108	gyrB.109	gyrB.11	gyrB.110	gyrB.111	gyrB.112	gyrB.113	gyrB.114	gyrB.115	gyrB.116	gyrB.117	gyrB.118	gyrB.119	gyrB.12	gyrB.120	gyrB.121	gyrB.122	gyrB.123	gyrB.124	gyrB.125	gyrB.126	gyrB.127	gyrB.128	gyrB.129	gyrB.13	gyrB.130	gyrB.131	gyrB.132	gyrB.133	gyrB.134	gyrB.135	gyrB.136	gyrB.137	gyrB.138	gyrB.139	gyrB.14	gyrB.140	gyrB.141	gyrB.142	gyrB.143	gyrB.144	gyrB.145	gyrB.146	gyrB.147	gyrB.148	gyrB.149	gyrB.15	gyrB.150	gyrB.151	gyrB.152	gyrB.153	gyrB.154	gyrB.155	gyrB.156	gyrB.157	gyrB.158	gyrB.159	gyrB.16	gyrB.160	gyrB.161	gyrB.162	gyrB.163	gyrB.164	gyrB.165	gyrB.166	gyrB.167	gyrB.168	gyrB.169	gyrB.17	gyrB.170	gyrB.171	gyrB.172	gyrB.173	gyrB.174	gyrB.175	gyrB.176	gyrB.177	gyrB.178	gyrB.179	gyrB.18	gyrB.180	gyrB.181	gyrB.182	gyrB.183	gyrB.184	gyrB.185	gyrB.186	gyrB.187	gyrB.188	gyrB.189	gyrB.19	gyrB.190	gyrB.191	gyrB.192	gyrB.193	gyrB.194	gyrB.195	gyrB.196	gyrB.197	gyrB.198	gyrB.199	gyrB.2	gyrB.20	gyrB.200	gyrB.201	gyrB.202	gyrB.203	gyrB.204	gyrB.205	gyrB.206	gyrB.207	gyrB.208	gyrB.209	gyrB.21	gyrB.210	gyrB.211	gyrB.212	gyrB.213	gyrB.214	gyrB.215	gyrB.216	gyrB.217	gyrB.218	gyrB.219	gyrB.22	gyrB.220	gyrB.221	gyrB.222	gyrB.223	gyrB.224	gyrB.225	gyrB.226	gyrB.227	gyrB.228	gyrB.229	gyrB.23	gyrB.230	gyrB.231	gyrB.232	gyrB.233	gyrB.234	gyrB.235	gyrB.236	gyrB.237	gyrB.238	gyrB.239	gyrB.24	gyrB.240	gyrB.241	gyrB.242	gyrB.243	gyrB.244	gyrB.245	gyrB.246	gyrB.247	gyrB.248	gyrB.249	gyrB.25	gyrB.250	gyrB.251	gyrB.252	gyrB.253	gyrB.254	gyrB.255	gyrB.256	gyrB.257	gyrB.258	gyrB.259	gyrB.26	gyrB.260	gyrB.261	gyrB.262	gyrB.263	gyrB.264	gyrB.265	gyrB.266	gyrB.267	gyrB.268	gyrB.269	gyrB.27	gyrB.270	gyrB.271	gyrB.272	gyrB.273	gyrB.274	gyrB.275	gyrB.276	gyrB.277	gyrB.278	gyrB.279	gyrB.28	gyrB.280	gyrB.281	gyrB.282	gyrB.283	gyrB.284	gyrB.285	gyrB.286	gyrB.287	gyrB.288	gyrB.289	gyrB.29	gyrB.290	gyrB.291	gyrB.292	gyrB.293	gyrB.294	gyrB.295	gyrB.296	gyrB.297	gyrB.298	gyrB.299	gyrB.3	gyrB.30	gyrB.300	gyrB.301	gyrB.302	gyrB.303	gyrB.304	gyrB.31	gyrB.32	gyrB.33	gyrB.34	gyrB.35	gyrB.36	gyrB.37	gyrB.38	gyrB.39	gyrB.4	gyrB.40	gyrB.41	gyrB.42	gyrB.43	gyrB.44	gyrB.45	gyrB.46	gyrB.47	gyrB.48	gyrB.49	gyrB.5	gyrB.50	gyrB.51	gyrB.52	gyrB.53	gyrB.54	gyrB.55	gyrB.56	gyrB.57	gyrB.58	gyrB.59	gyrB.6	gyrB.60	gyrB.61	gyrB.62	gyrB.63	gyrB.64	gyrB.65	gyrB.66	gyrB.67	gyrB.68	gyrB.69	gyrB.7	gyrB.70	gyrB.71	gyrB.72	gyrB.73	gyrB.74	gyrB.75	gyrB.76	gyrB.77	gyrB.78	gyrB.79	gyrB.8	gyrB.80	gyrB.81	gyrB.82	gyrB.83	gyrB.84	gyrB.85	gyrB.86	gyrB.87	gyrB.88	gyrB.89	gyrB.9	gyrB.90	gyrB.91	gyrB.92	gyrB.93	gyrB.94	gyrB.95	gyrB.96	gyrB.97	gyrB.98	gyrB.99
leuS.1	leuS.10	leuS.100	leuS.101	leuS.102	leuS.103	leuS.104	leuS.105	leuS.106	leuS.107	leuS.108	leuS.109	leuS.11	leuS.110	leuS.111	leuS.112	leuS.113	leuS.114	leuS.115	leuS.116	leuS.117	leuS.118	leuS.119	leuS.12	leuS.120	leuS.121	leuS.122	leuS.123	leuS.124	leuS.125	leuS.126	leuS.127	leuS.128	leuS.129	leuS.13	leuS.130	leuS.131	leuS.132	leuS.133	leuS.134	leuS.135	leuS.136	leuS.137	leuS.138	leuS.139	leuS.14	leuS.140	leuS.141	leuS.142	leuS.143	leuS.144	leuS.145	leuS.146	leuS.147	leuS.148	leuS.149	leuS.15	leuS.150	leuS.151	leuS.152	leuS.153	leuS.154	leuS.155	leuS.156	leuS.157	leuS.158	leuS.159	leuS.16	leuS.160	leuS.161	leuS.162	leuS.163	leuS.164	leuS.165	leuS.166	leuS.167	leuS.168	leuS.169	leuS.17	leuS.170	leuS.171	leuS.172	leuS.173	leuS.174	leuS.175	leuS.176	leuS.177	leuS.178	leuS.179	leuS.18	leuS.180	leuS.181	leuS.182	leuS.183	leuS.184	leuS.185	leuS.186	leuS.187	leuS.188	leuS.189	leuS.19	leuS.190	leuS.191	leuS.192	leuS.193	leuS.194	leuS.195	leuS.196	leuS.197	leuS.198	leuS.199	leuS.2	leuS.20	leuS.200	leuS.201	leuS.202	leuS.203	leuS.204	leuS.205	leuS.206	leuS.207	leuS.208	leuS.209	leuS.21	leuS.210	leuS.211	leuS.212	leuS.213	leuS.214	leuS.215	leuS.216	leuS.217	leuS.218	leuS.219	leuS.22	leuS.220	leuS.221	leuS.222	leuS.223	leuS.224	leuS.225	leuS.226	leuS.227	leuS.228	leuS.229	leuS.23	leuS.230	leuS.231	leuS.232	leuS.233	leuS.234	leuS.235	leuS.236	leuS.237	leuS.238	leuS.239	leuS.24	leuS.240	leuS.241	leuS.242	leuS.243	leuS.244	leuS.245	leuS.246	leuS.247	leuS.248	leuS.249	leuS.25	leuS.250	leuS.251	leuS.252	leuS.253	leuS.254	leuS.255	leuS.256	leuS.257	leuS.258	leuS.259	leuS.26	leuS.260	leuS.261	leuS.262	leuS.263	leuS.264	leuS.265	leuS.266	leuS.267	leuS.268	leuS.269	leuS.27	leuS.270	leuS.271	leuS.272	leuS.273	leuS.274	leuS.275	leuS.276	leuS.277	leuS.278	leuS.279	leuS.28	leuS.280	leuS.281	leuS.282	leuS.283	leuS.284	leuS.285	leuS.286	leuS.287	leuS.288	leuS.289	leuS.29	leuS.290	leuS.291	leuS.292	leuS.293	leuS.294	leuS.295	leuS.296	leuS.297	leuS.298	leuS.299	leuS.3	leuS.30	leuS.300	leuS.301	leuS.302	leuS.303	leuS.304	leuS.305	leuS.306	leuS.307	leuS.308	leuS.309	leuS.31	leuS.310	leuS.311	leuS.312	leuS.313	leuS.314	leuS.315	leuS.316	leuS.317	leuS.318	leuS.319	leuS.32	leuS.320	leuS.321	leuS.322	leuS.323	leuS.324	leuS.325	leuS.326	leuS.327	leuS.328	leuS.329	leuS.33	leuS.330	leuS.331	leuS.332	leuS.333	leuS.334	leuS.335	leuS.336	leuS.337	leuS.338	leuS.339	leuS.34	leuS.340	leuS.341	leuS.342	leuS.343	leuS.344	leuS.345	leuS.346	leuS.347	leuS.35	leuS.36	leuS.37	leuS.38	leuS.39	leuS.4	leuS.40	leuS.41	leuS.42	leuS.43	leuS.44	leuS.45	leuS.46	leuS.47	leuS.48	leuS.49	leuS.5	leuS.50	leuS.51	leuS.52	leuS.53	leuS.54	leuS.55	leuS.56	leuS.57	leuS.58	leuS.59	leuS.6	leuS.60	leuS.61	leuS.62	leuS.63	leuS.64	leuS.65	leuS.66	leuS.67	leuS.68	leuS.69	leuS.7	leuS.70	leuS.71	leuS.72	leuS.73	leuS.74	leuS.75	leuS.76	leuS.77	leuS.78	leuS.79	leuS.8	leuS.80	leuS.81	leuS.82	leuS.83	leuS.84	leuS.85	leuS.86	leuS.87	leuS.88	leuS.89	leuS.9	leuS.90	leuS.91	leuS.92	leuS.93	leuS.94	leuS.95	leuS.96	leuS.97	leuS.98	leuS.99
pyrG.1	pyrG.10	pyrG.100	pyrG.101	pyrG.102	pyrG.103	pyrG.104	pyrG.105	pyrG.106	pyrG.107	pyrG.108	pyrG.109	pyrG.11	pyrG.110	pyrG.111	pyrG.112	pyrG.113	pyrG.114	pyrG.115	pyrG.116	pyrG.117	pyrG.118	pyrG.119	pyrG.12	pyrG.120	pyrG.121	pyrG.122	pyrG.123	pyrG.124	pyrG.125	pyrG.126	pyrG.127	pyrG.128	pyrG.129	pyrG.13	pyrG.130	pyrG.131	pyrG.132	pyrG.133	pyrG.134	pyrG.135	pyrG.136	pyrG.137	pyrG.138	pyrG.139	pyrG.14	pyrG.140	pyrG.141	pyrG.142	pyrG.143	pyrG.144	pyrG.145	pyrG.146	pyrG.147	pyrG.148	pyrG.149	pyrG.15	pyrG.150	pyrG.151	pyrG.152	pyrG.153	pyrG.154	pyrG.155	pyrG.156	pyrG.157	pyrG.158	pyrG.159	pyrG.16	pyrG.160	pyrG.161	pyrG.162	pyrG.163	pyrG.164	pyrG.165	pyrG.166	pyrG.167	pyrG.168	pyrG.169	pyrG.17	pyrG.170	pyrG.171	pyrG.172	pyrG.173	pyrG.174	pyrG.175	pyrG.176	pyrG.177	pyrG.178	pyrG.179	pyrG.18	pyrG.180	pyrG.181	pyrG.182	pyrG.183	pyrG.184	pyrG.185	pyrG.186	pyrG.187	pyrG.188	pyrG.189	pyrG.19	pyrG.190	pyrG.191	pyrG.192	pyrG.193	pyrG.194	pyrG.195	pyrG.196	pyrG.197	pyrG.198	pyrG.199	pyrG.2	pyrG.20	pyrG.200	pyrG.201	pyrG.202	pyrG.203	pyrG.204	pyrG.205	pyrG.206	pyrG.207	pyrG.208	pyrG.209	pyrG.21	pyrG.210	pyrG.211	pyrG.212	pyrG.213	pyrG.214	pyrG.215	pyrG.216	pyrG.217	pyrG.218	pyrG.219	pyrG.22	pyrG.220	pyrG.221	pyrG.222	pyrG.223	pyrG.224	pyrG.225	pyrG.226	pyrG.227	pyrG.228	pyrG.229	pyrG.23	pyrG.230	pyrG.231	pyrG.232	pyrG.233	pyrG.234	pyrG.235	pyrG.236	pyrG.237	pyrG.238	pyrG.239	pyrG.24	pyrG.240	pyrG.241	pyrG.242	pyrG.243	pyrG.244	pyrG.245	pyrG.246	pyrG.247	pyrG.248	pyrG.249	pyrG.25	pyrG.250	pyrG.251	pyrG.252	pyrG.253	pyrG.254	pyrG.255	pyrG.256	pyrG.257	pyrG.258	pyrG.259	pyrG.26	pyrG.260	pyrG.261	pyrG.262	pyrG.263	pyrG.264	pyrG.265	pyrG.266	pyrG.267	pyrG.268	pyrG.269	pyrG.27	pyrG.270	pyrG.271	pyrG.272	pyrG.273	pyrG.274	pyrG.275	pyrG.276	pyrG.277	pyrG.278	pyrG.279	pyrG.28	pyrG.280	pyrG.29	pyrG.3	pyrG.30	pyrG.31	pyrG.32	pyrG.33	pyrG.34	pyrG.35	pyrG.36	pyrG.37	pyrG.38	pyrG.39	pyrG.4	pyrG.40	pyrG.41	pyrG.42	pyrG.43	pyrG.44	pyrG.45	pyrG.46	pyrG.47	pyrG.48	pyrG.49	pyrG.5	pyrG.50	pyrG.51	pyrG.52	pyrG.53	pyrG.54	pyrG.55	pyrG.56	pyrG.57	pyrG.58	pyrG.59	pyrG.6	pyrG.60	pyrG.61	pyrG.62	pyrG.63	pyrG.64	pyrG.65	pyrG.66	pyrG.67	pyrG.68	pyrG.69	pyrG.7	pyrG.70	pyrG.71	pyrG.72	pyrG.73	pyrG.74	pyrG.75	pyrG.76	pyrG.77	pyrG.78	pyrG.79	pyrG.8	pyrG.80	pyrG.81	pyrG.82	pyrG.83	pyrG.84	pyrG.85	pyrG.86	pyrG.87	pyrG.88	pyrG.89	pyrG.9	pyrG.90	pyrG.91	pyrG.92	pyrG.93	pyrG.94	pyrG.95	pyrG.96	pyrG.97	pyrG.98	pyrG.99
rplB.1	rplB.10	rplB.100	rplB.101	rplB.102	rplB.103	rplB.104	rplB.105	rplB.106	rplB.107	rplB.108	rplB.109	rplB.11	rplB.110	rplB.111	rplB.112	rplB.113	rplB.114	rplB.115	rplB.116	rplB.117	rplB.118	rplB.119	rplB.12	rplB.120	rplB.121	rplB.122	rplB.123	rplB.124	rplB.125	rplB.126	rplB.13	rplB.14	rplB.15	rplB.16	rplB.17	rplB.18	rplB.19	rplB.2	rplB.20	rplB.21	rplB.22	rplB.23	rplB.24	rplB.25	rplB.26	rplB.27	rplB.28	rplB.29	rplB.3	rplB.30	rplB.31	rplB.32	rplB.33	rplB.34	rplB.35	rplB.36	rplB.37	rplB.38	rplB.39	rplB.4	rplB.40	rplB.41	rplB.42	rplB.43	rplB.44	rplB.45	rplB.46	rplB.47	rplB.48	rplB.49	rplB.5	rplB.50	rplB.51	rplB.52	rplB.53	rplB.54	rplB.55	rplB.56	rplB.57	rplB.58	rplB.59	rplB.6	rplB.60	rplB.61	rplB.62	rplB.63	rplB.64	rplB.65	rplB.66	rplB.67	rplB.68	rplB.69	rplB.7	rplB.70	rplB.71	rplB.72	rplB.73	rplB.74	rplB.75	rplB.76	rplB.77	rplB.78	rplB.79	rplB.8	rplB.80	rplB.81	rplB.82	rplB.83	rplB.84	rplB.85	rplB.86	rplB.87	rplB.88	rplB.89	rplB.9	rplB.90	rplB.91	rplB.92	rplB.93	rplB.94	rplB.95	rplB.96	rplB.97	rplB.98	rplB.99
rpoB.1	rpoB.10	rpoB.100	rpoB.101	rpoB.102	rpoB.103	rpoB.104	rpoB.105	rpoB.106	rpoB.107	rpoB.108	rpoB.109	rpoB.11	rpoB.110	rpoB.111	rpoB.112	rpoB.113	rpoB.114	rpoB.115	rpoB.116	rpoB.117	rpoB.118	rpoB.119	rpoB.12	rpoB.120	rpoB.121	rpoB.122	rpoB.123	rpoB.124	rpoB.125	rpoB.126	rpoB.127	rpoB.128	rpoB.129	rpoB.13	rpoB.130	rpoB.131	rpoB.132	rpoB.133	rpoB.134	rpoB.135	rpoB.136	rpoB.137	rpoB.138	rpoB.139	rpoB.14	rpoB.140	rpoB.141	rpoB.142	rpoB.143	rpoB.144	rpoB.145	rpoB.146	rpoB.147	rpoB.148	rpoB.149	rpoB.15	rpoB.150	rpoB.151	rpoB.152	rpoB.153	rpoB.154	rpoB.155	rpoB.156	rpoB.157	rpoB.158	rpoB.159	rpoB.16	rpoB.160	rpoB.161	rpoB.162	rpoB.163	rpoB.164	rpoB.165	rpoB.166	rpoB.167	rpoB.168	rpoB.169	rpoB.17	rpoB.170	rpoB.171	rpoB.172	rpoB.173	rpoB.174	rpoB.175	rpoB.176	rpoB.177	rpoB.178	rpoB.179	rpoB.18	rpoB.180	rpoB.181	rpoB.182	rpoB.183	rpoB.184	rpoB.19	rpoB.2	rpoB.20	rpoB.21	rpoB.22	rpoB.23	rpoB.24	rpoB.25	rpoB.26	rpoB.27	rpoB.28	rpoB.29	rpoB.3	rpoB.30	rpoB.31	rpoB.32	rpoB.33	rpoB.34	rpoB.35	rpoB.36	rpoB.37	rpoB.38	rpoB.39	rpoB.4	rpoB.40	rpoB.41	rpoB.42	rpoB.43	rpoB.44	rpoB.45	rpoB.46	rpoB.47	rpoB.48	rpoB.49	rpoB.5	rpoB.50	rpoB.51	rpoB.52	rpoB.53	rpoB.54	rpoB.55	rpoB.56	rpoB.57	rpoB.58	rpoB.59	rpoB.6	rpoB.60	rpoB.61	rpoB.62	rpoB.63	rpoB.64	rpoB.65	rpoB.66	rpoB.67	rpoB.68	rpoB.69	rpoB.7	rpoB.70	rpoB.71	rpoB.72	rpoB.73	rpoB.74	rpoB.75	rpoB.76	rpoB.77	rpoB.78	rpoB.79	rpoB.8	rpoB.80	rpoB.81	rpoB.82	rpoB.83	rpoB.84	rpoB.85	rpoB.86	rpoB.87	rpoB.88	rpoB.89	rpoB.9	rpoB.90	rpoB.91	rpoB.92	rpoB.93	rpoB.94	rpoB.95	rpoB.96	rpoB.97	rpoB.98	rpoB.99
